=================================================
25hue: mean=20.9778variance=68.0852
sat: mean=135.09variance=395.674
val: mean=177.762variance=1972.1
-13.011884.12971972.1=================================================
========== hue hist =============
2754 932 1719 2514 3645 7125 12861 22380 
40974 48400 52385 69012 99463 146911 206756 269427 
325240 392702 510789 645507 795809 865842 782897 667488 
477155 320583 210566 131735 87947 60264 273674 19462 
15486 12161 8768 7297 5732 4321 5108 4171 
3428 3154 2673 2737 2077 2543 1690 1759 
1854 1348 1420 1389 754 1253 995 881 
851 634 556 280 1718 187 307 415 
504 463 424 330 574 421 551 351 
404 360 229 598 198 272 308 184 
330 188 75 232 157 143 143 89 
49 27 708 29 51 102 132 144 
120 54 185 101 216 85 122 111 
65 271 91 134 181 119 209 163 
89 243 173 164 152 147 125 66 
749 87 158 181 204 214 141 109 
225 201 215 164 175 198 159 391 
148 161 193 102 220 104 39 148 
105 94 86 50 45 4 662 12 
61 69 138 128 152 82 218 176 
250 169 233 235 189 583 234 317 
371 286 471 450 236 599 482 526 
682 654 709 535 0 0 0 0 
0 0 0 0 0 0 0 0 
0 0 0 0 0 0 0 0 
0 0 0 0 0 0 0 0 
0 0 0 0 0 0 0 0 
0 0 0 0 0 0 0 0 
0 0 0 0 0 0 0 0 
0 0 0 0 0 0 0 0 
0 0 0 0 0 0 0 0 
0 0 0 0 0 0 0 0 
========== sat hist =============
256 8 18 28 33 43 186 322 
265 151 88 116 289 316 321 442 
309 273 360 421 393 670 445 660 
616 478 664 603 1016 491 881 816 
660 845 1267 778 1173 588 1251 1056 
1136 1253 1128 1040 1521 1390 1510 1216 
1630 1477 1818 2028 1345 1853 1858 2258 
1815 1945 1897 1886 2734 1758 2745 1273 
2941 2298 2204 2211 2851 2094 2871 3028 
2554 2697 3107 3205 3226 3324 3843 3647 
3164 4466 3421 5795 3644 5956 3988 6684 
5815 6718 7265 7586 8219 9259 9493 9717 
12265 11863 14078 14705 16336 18173 19125 21519 
22791 25702 27398 30551 34090 37588 40690 46335 
48864 57614 59339 65472 74094 79897 87922 97579 
104124 113410 122137 135970 143470 157992 160493 157485 
207165 192847 200002 212662 214798 223580 218223 224490 
218637 216292 214137 204628 199893 182163 170683 164950 
149087 138362 130593 112671 105470 100321 87928 84220 
76074 76038 69099 66261 61585 59002 57771 53668 
52977 49366 47433 43189 42300 40883 35914 32647 
31718 30982 24501 24456 19964 20723 17924 14926 
12713 12637 13173 9243 10213 10379 8565 8570 
6285 8294 8970 7547 6015 9210 7626 7417 
5416 6503 7718 4356 4798 4693 3038 2007 
1617 1173 989 412 229 160 58 65 
25 17 32 21 20 5 0 1 
0 1 0 1 1 0 1 0 
1 0 1 0 1 0 1 1 
0 1 0 1 0 1 0 1 
1 0 1 0 0 0 0 0 
0 0 0 0 0 0 0 100 
========== val hist =============
0 0 0 0 0 0 0 0 
0 0 0 0 0 0 0 0 
0 0 0 0 1 4 13 27 
60 109 277 359 423 990 1315 1618 
2521 3230 4998 4227 5960 7758 7106 5671 
7164 7040 8633 6741 5015 7190 5304 4620 
3199 3661 3901 2160 2373 2603 1894 1759 
1411 1570 1690 1360 1057 1475 1194 1074 
1499 1575 2070 1602 2197 3003 3168 2621 
4033 4714 6509 6369 5449 8693 8094 6512 
8688 9480 11984 8493 10565 12620 11838 11385 
10439 12682 14969 13724 12902 17808 16482 17642 
15125 18731 21603 17519 20402 22977 22474 19653 
23319 23046 25388 23823 22946 25268 25116 24287 
23226 24691 25181 22683 23965 24747 23484 22912 
22546 22673 22253 22632 21779 22454 21568 21170 
22238 21761 22782 21807 22334 23343 23073 22687 
23424 23370 25290 25305 26014 26987 27013 27075 
28140 29229 30051 30945 31350 32643 33663 35322 
34941 36330 38483 39315 38772 41846 42188 41725 
45218 46588 48734 47712 50924 53852 54647 53783 
57873 60883 65048 65196 64755 72573 72944 76313 
76937 80483 85449 85945 90035 93750 95687 97880 
100436 101950 104834 106317 107425 107080 108421 108634 
109330 107405 107609 107153 104939 103132 101150 99107 
96313 93741 90021 89275 84439 82497 78419 74547 
70800 67323 63353 61630 55994 53292 50279 46285 
43559 40610 37395 35060 31719 28379 27356 24179 
22526 20155 18678 16951 15181 14216 13009 11327 
10074 9214 8081 7286 6516 6170 5754 5104 
4430 4319 3641 3401 3149 2575 2846 2282 
2126 1834 1663 1628 1406 1511 1265 627435 
