=================================================
25hue: mean=27.5687variance=666.226
sat: mean=113.838variance=1048.8
val: mean=129.443variance=4015.42
-393.459976.4594015.42=================================================
========== hue hist =============
2080 390 699 894 891 1194 1290 1394 
2479 2786 3379 4147 5151 6785 8078 10069 
11621 14396 19264 21313 22237 22626 19931 20258 
17153 15528 13000 9922 8198 5469 9453 2406 
2865 2659 2163 2257 1819 1204 1976 1719 
1436 1242 1119 1193 912 1550 727 843 
954 634 777 690 303 716 521 509 
420 321 235 96 1301 54 169 253 
258 234 221 149 313 185 267 149 
202 166 79 417 71 125 142 99 
210 105 26 194 114 82 90 53 
32 16 503 9 24 54 75 75 
77 28 128 80 150 61 78 70 
33 267 43 79 98 58 158 86 
44 144 92 94 82 75 70 11 
589 9 38 70 106 100 111 37 
127 89 158 91 93 80 49 205 
30 71 97 59 180 78 37 136 
100 100 81 66 15 4 534 1 
22 35 65 74 103 38 105 78 
224 138 147 139 106 416 120 220 
306 208 403 254 176 411 305 394 
409 353 457 340 0 0 0 0 
0 0 0 0 0 0 0 0 
0 0 0 0 0 0 0 0 
0 0 0 0 0 0 0 0 
0 0 0 0 0 0 0 0 
0 0 0 0 0 0 0 0 
0 0 0 0 0 0 0 0 
0 0 0 0 0 0 0 0 
0 0 0 0 0 0 0 0 
0 0 0 0 0 0 0 0 
========== sat hist =============
273 0 2 8 13 29 153 253 
178 92 50 142 244 246 295 330 
173 248 267 314 290 498 315 463 
373 252 496 464 696 252 628 543 
370 550 905 495 824 301 797 617 
689 702 623 535 802 872 745 668 
794 672 973 954 598 931 943 1251 
762 963 836 826 1282 893 1359 331 
1404 1040 803 1112 1274 815 1315 1233 
909 1116 1322 1250 1246 1373 1384 1232 
856 1755 849 2218 608 2137 690 2061 
1097 1655 1471 1619 1651 1675 1610 1526 
2095 1651 1923 1881 1975 2260 2203 2334 
2037 2466 2501 2736 2864 2857 3142 3184 
3457 3689 3828 4014 4335 4462 4882 5076 
5493 5816 5831 5855 6726 6617 6529 6225 
7455 7069 7003 7267 6705 6823 6691 6537 
6245 5856 5759 5095 5121 4744 4061 4180 
3679 3505 3297 2732 2477 2276 2090 1982 
1895 1670 1477 1488 1322 1116 1029 1108 
911 889 789 691 660 552 480 424 
448 381 262 240 258 191 175 116 
113 86 79 63 50 49 33 29 
17 13 25 15 21 11 3 9 
3 3 2 2 3 0 0 0 
1 0 0 3 0 0 0 0 
0 0 3 0 0 0 0 0 
0 0 0 0 0 0 0 0 
0 0 0 0 0 0 0 0 
0 0 0 0 0 0 0 0 
0 0 0 0 0 0 0 0 
0 0 0 0 0 0 0 0 
========== val hist =============
0 0 0 0 0 0 0 0 
0 0 0 0 0 0 0 0 
0 0 0 0 0 0 6 8 
12 40 131 178 254 547 673 740 
1326 1814 2873 2336 3517 5113 4675 3589 
4740 4631 5294 4210 3105 4173 3304 2733 
1858 2202 2115 1234 1242 1188 952 924 
669 703 780 666 390 574 447 362 
388 425 543 467 551 700 592 539 
694 912 1172 1048 892 1483 1306 1158 
1426 1449 1764 1179 1460 1728 1538 1370 
1113 1462 1747 1451 1240 1828 1664 1782 
1450 1702 2034 1561 1824 1972 1915 1617 
1721 1748 1938 1784 1586 2061 1876 1721 
1620 1686 1879 1538 1506 1637 1440 1380 
1222 1322 1193 1292 1166 1270 1068 1044 
1081 1125 1148 1063 991 1031 1003 988 
1045 1029 1028 915 992 1057 957 1000 
1061 1104 1165 1026 1215 1178 1218 1193 
1229 1294 1341 1322 1312 1414 1458 1366 
1515 1637 1598 1550 1611 1725 1681 1678 
1721 1733 1888 1842 1731 1951 1892 1932 
1686 1907 1975 1959 2106 2246 2219 2344 
2202 2443 2488 2450 2412 2368 2515 2505 
2673 2606 2621 2554 2562 2597 2445 2559 
2390 2353 2267 2246 2265 2156 2048 2029 
1740 1851 1814 1701 1570 1456 1370 1269 
1179 1081 1001 945 843 763 714 590 
552 442 419 358 324 330 265 228 
185 174 125 136 100 102 82 69 
61 64 65 67 32 39 40 48 
13 29 6 16 12 13 12 7853 
